DESIGNQA EVALUATION RESULTS:
-*--*--*--*--*--*--*--*--*--*--*--*--*--*--*--*--*--*--*--*-
-*--*--*--*--*--*--*--*--*--*--*--*--*--*--*--*--*--*--*--*-
OVERALL SCORE: 0.7348434265736983
-*--*--*--*--*--*--*--*--*--*--*--*--*--*--*--*--*--*--*--*-
-*--*--*--*--*--*--*--*--*--*--*--*--*--*--*--*--*--*--*--*-
Retrieval Score (Avg F1 BoW): 0.9701372148827963
Compilation Score (Avg F1 Rules): 0.6599707547736825
Definition Score (Avg F1 BoC): 0.5723665682803344
Presence Score (Avg Accuracy): 0.6774193548387096
Dimension Score (Average Accuracy): 0.7166666666666667
Functional Performance Score (Average Accuracy): 0.8125
-*--*--*--*--*--*--*--*--*--*--*--*--*--*--*--*--*--*--*--*-



Below scores by subset are provided for diagnostic purposes:
------------------------------------------------------------
RETRIEVAL
------------------------------------------------------------
All F1 BoWs:
[1.0, 1.0, 1.0, 0.962962962962963, 0.653061224489796, 1.0, 1.0, 1.0, 1.0, 1.0, 1.0, 1.0, 1.0, 1.0, 1.0, 1.0, 0.5142857142857142, 1.0, 1.0, 1.0, 1.0, 1.0, 1.0, 1.0, 1.0, 1.0, 1.0, 1.0, 1.0, 1.0, 1.0, 1.0, 1.0, 0.6046511627906976, 1.0, 1.0, 1.0, 1.0, 1.0, 0.7789473684210527, 1.0, 1.0, 1.0, 1.0, 1.0, 1.0, 1.0, 1.0, 1.0, 1.0, 1.0, 0.8131868131868133, 1.0, 1.0, 1.0, 1.0, 0.8721804511278195, 1.0, 1.0, 1.0, 1.0, 1.0, 1.0, 1.0, 1.0, 1.0, 1.0, 0.6909090909090909, 1.0, 1.0, 1.0, 1.0, 1.0, 1.0, 0.9512893982808023, 1.0, 1.0, 1.0, 1.0, 1.0, 1.0, 1.0, 0.9617977528089888, 1.0, 1.0, 0.9456869009584664, 1.0, 1.0, 1.0, 1.0, 1.0, 0.6046511627906976, 1.0, 1.0, 1.0, 1.0, 1.0, 1.0, 1.0, 1.0, 1.0, 1.0, 0.8411214953271028, 1.0, 1.0, 1.0, 1.0, 1.0, 1.0, 0.9081081081081082, 1.0, 1.0, 1.0, 1.0, 1.0, 1.0, 1.0, 0.6666666666666666, 1.0, 1.0, 0.776978417266187, 1.0, 1.0, 1.0, 1.0, 1.0, 1.0, 0.5, 1.0, 1.0, 0.8292682926829268, 1.0, 1.0, 1.0, 1.0, 0.5277777777777778, 0.5769230769230769, 1.0, 1.0, 0.9152542372881356, 1.0, 1.0, 1.0, 0.653061224489796, 1.0, 1.0, 1.0, 1.0, 1.0, 1.0, 0.9435215946843853, 1.0, 1.0, 1.0, 1.0, 1.0, 0.967741935483871, 1.0, 1.0, 1.0, 1.0, 1.0, 1.0, 0.653061224489796, 1.0, 1.0, 1.0, 1.0, 1.0, 0.9142857142857143, 1.0, 1.0, 1.0, 0.8, 1.0, 1.0, 1.0, 1.0, 1.0, 1.0, 1.0, 1.0, 1.0, 1.0, 0.5853658536585366, 1.0, 1.0, 1.0, 1.0, 1.0, 1.0, 1.0, 1.0, 0.8901734104046243, 1.0, 1.0, 1.0, 1.0, 1.0, 1.0, 1.0, 0.9178743961352658, 1.0, 1.0, 0.7605633802816901, 1.0, 1.0, 1.0, 0.8994082840236686, 1.0, 1.0, 1.0, 1.0, 1.0, 0.7951807228915663, 1.0, 1.0, 1.0, 1.0, 1.0, 1.0, 0.8387096774193548, 1.0, 1.0, 1.0, 1.0, 1.0, 0.7796610169491525, 1.0, 0.864, 1.0, 1.0, 1.0, 1.0, 1.0, 1.0, 1.0, 0.5853658536585366, 1.0, 1.0, 1.0, 1.0, 1.0, 1.0, 1.0, 1.0, 0.6909090909090909, 1.0, 1.0, 1.0, 1.0, 0.9600000000000001, 1.0, 1.0, 0.7901234567901235, 1.0, 1.0, 1.0, 1.0, 1.0, 1.0, 1.0, 1.0, 1.0, 1.0, 0.7674418604651162, 1.0, 0.9576059850374066, 1.0, 0.6428571428571429, 1.0, 1.0, 1.0, 0.8868778280542987, 0.8648648648648648, 1.0, 1.0, 0.5531914893617021, 1.0, 1.0, 1.0, 1.0, 1.0, 1.0, 1.0, 1.0, 1.0, 0.6046511627906976, 1.0, 1.0, 1.0, 1.0, 1.0, 1.0, 1.0, 1.0, 0.8571428571428571, 1.0, 1.0, 1.0, 1.0, 1.0, 1.0, 1.0, 1.0, 1.0, 0.6909090909090909, 1.0, 1.0, 1.0, 1.0, 1.0, 1.0, 1.0, 1.0, 1.0, 1.0, 1.0, 0.8247422680412371, 1.0, 0.7714285714285715, 1.0, 1.0, 1.0, 1.0, 1.0, 1.0, 0.8, 1.0, 1.0, 0.864, 1.0, 1.0, 1.0, 1.0, 1.0, 1.0, 1.0, 0.8210526315789474, 1.0, 1.0, 1.0, 1.0, 1.0, 0.8484848484848484, 1.0, 1.0, 1.0, 1.0, 1.0, 1.0, 1.0, 0.6792452830188679, 1.0, 1.0, 1.0, 1.0, 1.0, 1.0, 1.0, 1.0, 1.0, 1.0, 1.0, 1.0, 1.0, 1.0, 0.8380952380952381, 1.0, 1.0, 1.0, 1.0, 1.0, 1.0, 1.0, 1.0, 1.0, 0.9017341040462429, 1.0, 1.0, 1.0, 1.0, 0.9298245614035088, 1.0, 1.0, 1.0, 1.0, 0.8495575221238938, 1.0, 1.0, 1.0, 1.0, 1.0, 1.0, 1.0, 1.0, 1.0, 0.5641025641025641, 1.0, 1.0, 1.0, 1.0, 1.0, 1.0, 1.0, 1.0, 1.0, 1.0, 1.0, 1.0, 1.0, 1.0, 1.0, 0.7792207792207793, 1.0, 1.0, 1.0, 1.0, 1.0, 1.0, 1.0, 1.0, 1.0, 1.0, 1.0, 1.0, 1.0, 0.7671232876712328, 1.0, 1.0, 1.0, 1.0, 1.0, 1.0, 1.0, 1.0, 1.0, 1.0, 0.896969696969697, 1.0, 1.0, 1.0, 1.0, 1.0, 1.0, 0.4126984126984127, 1.0, 1.0, 1.0, 1.0, 1.0, 1.0, 1.0, 1.0, 1.0, 1.0, 1.0, 0.8, 1.0, 1.0, 1.0, 1.0, 1.0, 0.8382352941176471, 1.0, 1.0, 1.0, 1.0, 1.0, 1.0, 1.0, 0.5142857142857142, 1.0, 1.0, 1.0, 1.0, 1.0, 0.7213114754098361, 1.0, 1.0, 1.0, 1.0, 1.0, 1.0, 1.0, 1.0, 1.0, 1.0, 1.0, 1.0, 0.8903225806451612, 1.0, 1.0, 1.0, 1.0, 1.0, 0.7962962962962964, 1.0, 1.0, 1.0, 1.0, 1.0, 1.0, 1.0, 1.0, 1.0, 0.6222222222222222, 1.0, 1.0, 1.0, 1.0, 1.0, 1.0, 1.0, 1.0, 1.0, 0.7213114754098361, 1.0, 1.0, 1.0, 1.0, 1.0, 1.0, 1.0, 1.0, 0.7384615384615384, 1.0, 1.0, 1.0, 1.0, 1.0, 1.0, 1.0, 1.0, 1.0, 1.0, 1.0, 1.0, 1.0, 0.8759124087591241, 1.0, 1.0, 1.0, 1.0, 1.0, 1.0, 0.7213114754098361, 1.0, 1.0, 1.0, 1.0, 1.0, 1.0, 1.0, 1.0, 1.0, 1.0, 1.0, 1.0, 0.6046511627906976, 1.0, 1.0, 1.0, 1.0, 1.0, 1.0, 1.0, 1.0, 0.8571428571428571, 1.0, 1.0, 1.0, 0.3291139240506329, 1.0, 1.0, 1.0, 1.0, 1.0, 1.0, 1.0, 1.0, 1.0, 1.0, 1.0, 1.0, 0.8982035928143712, 1.0, 1.0, 1.0, 1.0, 1.0, 1.0, 0.8131868131868133, 1.0, 1.0, 1.0, 1.0, 1.0, 1.0, 1.0, 1.0, 1.0, 1.0, 1.0, 1.0, 1.0, 1.0, 0.8, 1.0, 1.0, 0.9767441860465117, 1.0, 1.0, 1.0, 1.0, 1.0, 1.0, 0.4444444444444445, 1.0, 1.0, 1.0, 1.0, 1.0, 1.0, 1.0, 1.0, 1.0, 1.0, 1.0, 1.0, 1.0, 1.0, 0.5641025641025641, 1.0, 1.0, 1.0, 1.0, 1.0, 1.0, 1.0, 1.0, 1.0, 1.0, 0.3636363636363636, 1.0, 1.0, 1.0, 1.0, 1.0, 1.0, 1.0, 1.0, 1.0, 1.0, 1.0, 1.0, 1.0, 1.0, 1.0, 1.0, 1.0, 1.0, 1.0, 1.0, 1.0, 0.5142857142857142, 1.0, 1.0, 1.0, 1.0, 1.0, 1.0, 1.0, 1.0, 0.7301587301587301, 1.0, 1.0, 1.0, 1.0, 1.0, 1.0, 1.0, 1.0, 1.0, 0.8859060402684563, 1.0, 1.0, 1.0, 1.0, 1.0, 1.0, 1.0, 1.0, 1.0, 1.0, 1.0, 1.0, 0.859504132231405, 1.0, 1.0, 1.0, 1.0, 1.0, 1.0, 1.0, 0.8571428571428571, 1.0, 1.0, 1.0, 1.0, 1.0, 1.0, 1.0, 1.0, 1.0, 0.8247422680412371, 1.0, 1.0, 1.0, 1.0, 1.0, 1.0, 1.0, 1.0, 1.0, 0.8089887640449438, 1.0, 1.0, 1.0, 1.0, 1.0, 1.0, 0.8, 1.0, 1.0, 1.0, 1.0, 1.0, 1.0, 0.8617886178861789, 1.0, 1.0, 1.0, 1.0, 0.19791666666666669, 0, 0.8380952380952381, 1.0, 1.0, 1.0, 1.0, 1.0, 1.0, 1.0, 1.0, 1.0, 1.0, 0.7536231884057971, 1.0, 1.0, 1.0, 1.0, 1.0, 1.0, 1.0, 1.0, 1.0, 1.0, 1.0, 1.0, 0.7301587301587301, 1.0, 1.0, 1.0, 1.0, 1.0, 1.0, 1.0, 1.0, 1.0, 1.0, 0.7462686567164178, 1.0, 1.0, 1.0, 1.0, 1.0, 1.0, 0.9696969696969697, 1.0, 1.0, 1.0, 1.0, 1.0, 1.0, 1.0, 1.0, 0.48484848484848486, 0.9846153846153847, 1.0, 1.0, 1.0, 1.0, 1.0, 1.0, 1.0, 0.6909090909090909, 1.0, 1.0, 1.0, 1.0, 1.0, 1.0, 1.0, 1.0, 1.0, 1.0, 0.7733333333333333, 1.0, 1.0, 1.0, 1.0, 1.0, 1.0, 1.0, 1.0, 1.0, 1.0, 1.0, 0.25806451612903225, 1.0, 1.0, 1.0, 1.0, 1.0, 1.0, 1.0, 1.0, 1.0, 1.0, 1.0, 0.5405405405405406, 1.0, 1.0, 1.0, 1.0, 1.0, 1.0, 0.7462686567164178, 1.0, 1.0, 1.0, 1.0, 1.0, 1.0, 1.0, 1.0, 1.0, 1.0, 1.0, 1.0, 1.0, 0.6666666666666666, 1.0, 1.0, 1.0, 1.0, 1.0, 1.0, 1.0, 1.0, 1.0, 1.0, 1.0, 0.8957055214723927, 1.0, 1.0, 1.0, 1.0, 1.0, 1.0, 1.0, 1.0, 1.0, 1.0, 1.0, 1.0, 1.0, 0.6382978723404256, 1.0, 1.0, 1.0, 1.0, 1.0, 1.0, 1.0, 1.0, 1.0, 0.6222222222222222, 1.0, 1.0, 1.0, 1.0, 1.0, 1.0, 1.0, 1.0, 1.0, 1.0, 0.6666666666666666, 1.0, 1.0, 1.0, 1.0, 1.0, 1.0, 1.0, 1.0, 1.0, 1.0, 1.0, 1.0, 1.0, 0.8089887640449438, 1.0, 1.0, 1.0, 1.0, 1.0, 1.0, 1.0, 0.8214285714285715, 1.0, 1.0, 1.0, 1.0, 1.0, 1.0, 1.0, 1.0, 1.0, 1.0, 1.0, 1.0, 1.0, 1.0, 0.6046511627906976, 1.0, 1.0, 1.0, 1.0, 1.0, 1.0, 1.0, 1.0, 1.0, 1.0, 1.0, 1.0, 1.0, 0.5853658536585366, 1.0, 1.0, 1.0, 1.0, 1.0, 1.0, 1.0, 1.0, 1.0, 1.0, 1.0, 1.0, 0.7213114754098361, 1.0, 1.0, 1.0, 1.0, 1.0, 1.0, 1.0, 1.0, 1.0, 1.0, 1.0, 0.9178743961352658, 1.0, 1.0, 1.0, 1.0, 1.0, 1.0, 1.0, 1.0, 1.0, 1.0, 1.0, 0.6222222222222222, 1.0, 1.0, 1.0, 1.0, 1.0, 1.0, 1.0, 1.0, 1.0, 1.0, 1.0, 1.0, 0.8617886178861789, 1.0, 1.0, 1.0, 1.0, 1.0, 1.0, 1.0, 1.0, 1.0, 1.0, 0.6774193548387097, 1.0, 1.0, 1.0, 1.0, 1.0, 1.0, 1.0, 1.0, 1.0, 1.0, 0.8661417322834646, 1.0, 1.0, 1.0, 1.0, 1.0, 1.0, 1.0, 1.0, 1.0, 1.0, 1.0, 1.0, 1.0, 1.0, 1.0, 0.8, 1.0, 1.0, 1.0, 1.0, 1.0, 1.0, 1.0, 1.0, 1.0, 1.0, 1.0, 1.0, 1.0, 1.0, 1.0, 1.0, 1.0, 0.5641025641025641, 1.0, 1.0, 1.0, 1.0, 1.0, 1.0, 0.8661417322834646, 1.0, 1.0, 1.0, 1.0, 1.0, 1.0, 1.0, 1.0, 1.0, 1.0, 1.0, 1.0, 1.0, 0.5641025641025641, 1.0, 1.0, 1.0, 1.0, 1.0, 1.0, 1.0, 1.0, 1.0, 0.8440366972477064, 1.0, 1.0, 1.0, 1.0, 0.9154228855721394, 1.0, 1.0, 1.0, 1.0, 1.0, 1.0, 0.919431279620853, 1.0, 1.0, 1.0, 1.0, 1.0, 1.0, 1.0, 1.0, 1.0, 1.0, 0.6222222222222222, 1.0, 1.0, 1.0, 1.0, 1.0, 1.0, 1.0, 1.0, 1.0, 1.0, 1.0, 0.8089887640449438, 1.0, 1.0, 1.0, 1.0, 1.0, 1.0, 1.0, 1.0, 1.0, 1.0, 0.76, 0.9209302325581395, 1.0, 1.0, 1.0, 1.0, 1.0, 1.0, 1.0, 1.0, 1.0, 1.0, 0.653061224489796, 1.0, 1.0, 1.0, 1.0, 1.0, 1.0, 1.0, 1.0, 1.0, 0.8702290076335879, 1.0, 1.0, 1.0, 1.0, 1.0, 1.0, 1.0, 1.0, 1.0, 0.41304347826086957, 0.7671232876712328, 1.0, 1.0, 1.0, 1.0, 1.0, 1.0, 1.0, 0.8316831683168318, 1.0, 1.0, 1.0, 1.0, 1.0, 1.0, 1.0]
------------------------------------------------------------
COMPILATION
------------------------------------------------------------
All F1 Rules:
[0.6666666666666666, 0.7653061224489796, 0.041237113402061855, 0.6551724137931034, 0.8148148148148148, 0.6153846153846153, 0.8421052631578948, 0.4474885844748858, 0.721311475409836, 0.6052631578947368, 0.8333333333333333, 0.5797101449275363, 0.5060975609756098, 0.4, 0.8181818181818182, 0.7079037800687284, 0.9500000000000001, 0.2745098039215686, 0.9090909090909091, 0.5714285714285715, 0.8571428571428571, 0.9333333333333333, 0.6666666666666665, 0.5, 1.0, 0.4, 0.7000000000000001, 0.5897435897435898, 0.6666666666666666, 0.7605633802816901]
------------------------------------------------------------
DEFINITION
------------------------------------------------------------
Avg F1 BoC on definition-components:
0.6190476190476191
Avg F1 BoC on multimention-components:
0.5608765530723023
Avg F1 BoC on no-mention-components:
0.5623093681917212
All F1 BoC:
[0.32, 0.3, 0.41860465116279066, 0.380952380952381, 0.5, 0.5, 0.5555555555555556, 1.0, 1.0, 0.7, 0.631578947368421, 0.7777777777777778, 0.6956521739130435, 0.4166666666666667, 0.5882352941176471, 1.0, 0.3703703703703704, 0.39999999999999997, 0.5882352941176471, 0.35294117647058826, 0.6153846153846153, 0.6923076923076924, 1.0, 0.5, 0.2, 0.3529411764705882, 0.3703703703703704, 1.0, 0.2, 1.0, 0.3157894736842105]
------------------------------------------------------------
PRESENCE
------------------------------------------------------------
Avg accuracy on definition-components:
0.5833333333333334
Avg accuracy on multimention-components:
0.65
Avg accuracy on no-mention-components:
0.9
All accuracies:
[0, 1.0, 1.0, 0, 0, 1.0, 0, 1.0, 0, 1.0, 0, 1.0, 1.0, 1.0, 1.0, 1.0, 0, 1.0, 0, 1.0, 1.0, 1.0, 1.0, 1.0, 0, 1.0, 0, 1.0, 0, 1.0, 1.0, 1.0, 1.0, 0, 0, 1.0, 1.0, 1.0, 0, 1.0, 0, 1.0, 0, 1.0, 0, 1.0, 1.0, 1.0, 1.0, 1.0, 1.0, 1.0, 1.0, 1.0, 0, 1.0, 0, 1.0, 1.0, 1.0, 0, 1.0]
------------------------------------------------------------
DIMENSION
------------------------------------------------------------
Avg accuracy directly-dimensioned:
0.8
Avg accuracy scale-bar-dimensioned:
0.55
All accuracies:
[1.0, 1.0, 1.0, 1.0, 1.0, 0, 0, 1.0, 0, 1.0, 1.0, 0, 1.0, 1.0, 1.0, 1.0, 1.0, 1.0, 1.0, 1.0, 0, 0, 0, 1.0, 0, 1.0, 0, 1.0, 1.0, 0, 1.0, 1.0, 1.0, 0, 1.0, 0, 1.0, 0, 1.0, 1.0, 1.0, 1.0, 1.0, 1.0, 0, 1.0, 1.0, 1.0, 1.0, 1.0, 1.0, 0, 0, 1.0, 1.0, 1.0, 0, 1.0, 1.0, 1.0]
Avg BLEU score:
0.17687634660564724
All BLEU scores:
[0.16205747826813255, 0.13479285036208394, 0.06216698721602093, 0.09544491002070922, 0.04593152121746252, 0.17496355305594127, 0.10854574251356792, 0.06899560511992635, 0.17460757394239457, 0.086710996952412, 0.39805227462304993, 0.4225771273642583, 0.41763453479227836, 0.42526587428312096, 0.1532663836350062, 0.16803490216754585, 0.05391638660171921, 0.1420569610409155, 0.15898472526837545, 0.2816766892609227, 0.08213785172900903, 0.08647908694379512, 0.1746667529218746, 0.15937104245349618, 0.13967659629043194, 0.17212033431825607, 0.23557481931542582, 0.24426878717947562, 0.053620073751110914, 0.05599552053752834, 0.23983770323659565, 0.3256352124775542, 0.25, 0.07814960637890479, 0.12259495208163787, 0.178343633508189, 0.14987266233254518, 0.13483240635216648, 0.20679254796712776, 0.2494011967449215]
Avg ROUGE score:
0.3487358401144712
All ROUGE scores:
[0.3921568584390619, 0.38596490824253615, 0.21052631146814413, 0.2857142818938776, 0.2025316410703414, 0.29411764227076126, 0.25882352594048447, 0.20370370080418382, 0.3913043439697544, 0.23333333013333338, 0.5316455646274636, 0.5542168624764117, 0.5806451564203955, 0.5757575709228651, 0.2696629177427093, 0.33663365995882755, 0.20183485927447187, 0.3199999955555556, 0.3428571388589569, 0.4523809477239229, 0.2912621320539165, 0.2499999964222223, 0.3733333285333334, 0.3384615337278107, 0.2978723366229063, 0.33333332880015437, 0.47499999545000005, 0.4318181771900827, 0.24489795501665973, 0.25882352546435994, 0.45283018425596305, 0.47524752022350764, 0.474999995703125, 0.30158729840639964, 0.28828828489895303, 0.30769230380871876, 0.3269230725221894, 0.3076923035692892, 0.3146067374371923, 0.3809523766780046]
------------------------------------------------------------
FUNCTIONAL PERFORMANCE
------------------------------------------------------------
All accuraciess:
[1.0, 1.0, 1.0, 0, 1.0, 1.0, 1.0, 1.0, 1.0, 1.0, 1.0, 0, 0, 1.0, 1.0, 1.0]
Avg BLEU score:
0.12760960724887255
All BLEU scores:
[0.08727330428821686, 0.08191957505408545, 0.19025923115638999, 0.2730391328957123, 0.08032193289024989, 0.06779699969660707, 0.1278757258351312, 0.26144680219835703, 0.1572067390733255, 0.09471690380301032, 0.029078492101774295, 0.04675643282888718, 0.1825614642250455, 0.26627987408889064, 0.042295493443781355, 0.0529256124024963]
Avg ROUGE score:
0.30901766686600113
All ROUGE scores:
[0.21818181477024795, 0.15999999699712003, 0.41428571014387755, 0.512396689543064, 0.28571428202810534, 0.2807017501308095, 0.29921259481678963, 0.54347825620983, 0.3999999960620038, 0.27878787581267217, 0.12499999817504885, 0.16923076718934915, 0.41212120815427006, 0.46969696525252536, 0.16494845144011056, 0.21052631313019393]
